
0 0 0 0    0 0 0 0    0 0 0 0     0 0 0 0
0 64 64 16    0 4 4 64    0 0 0 0     0 0 0 0
64 64 0 0    4 4 0 0    0 0 0 0     0 0 0 0
64 0 0 0    4 0 0 0    0 0 119 0     0 0 57 0
 
0 0 4 0    0 0 5 0    0 0 0 0     0 0 0 0
0 0 0 0    0 0 0 0    0 119 0 0     0 115 0 0
64 0 0 0    4 0 0 0    0 0 0 0     0 0 0 0
0 0 4 4    0 0 1 1    0 0 0 0     0 0 0 0
 
0 1 0 0    0 32 0 0    0 0 0 0     0 0 0 0
0 0 5 0    0 0 5 0    0 0 0 0     0 0 0 0
0 0 0 0    0 0 0 0    0 0 0 0     0 0 0 0
0 0 1 0    0 0 32 0    0 119 0 0     0 115 0 0
 
0 0 0 0    0 0 0 0    0 0 0 119     0 0 0 231
0 32 0 0    0 128 0 0    0 0 0 0     0 0 0 0
0 0 0 5    0 0 0 5    0 0 0 0     0 0 0 0
0 32 0 0    0 128 0 0    0 0 0 0     0 0 0 0
 
128 5 0 144    3 1 0 2    0 0 0 0     0 0 0 0
0 0 0 144    0 0 0 2    0 0 0 0     0 0 0 0
0 5 128 0    0 1 2 0    0 0 0 119     0 0 0 231
0 5 0 144    0 1 0 3    0 0 0 0     0 0 0 0
 
0 1 3 3    0 32 32 32    0 0 0 0     0 0 0 0
3 1 0 2    32 32 0 9    0 0 0 119     0 0 0 206
0 0 0 1    0 0 0 32    0 0 0 0     0 0 0 0
1 1 0 3    32 32 0 32    0 0 0 0     0 0 0 0
 
32 0 0 0    128 0 0 0    0 0 0 0     0 0 0 0
0 32 32 32    0 128 128 128    0 0 0 0     0 0 0 0
176 0 32 0    128 0 128 0    0 0 0 0     0 0 0 0
0 0 32 32    0 0 147 128    0 0 0 119     0 0 0 206
 
0 147 0 0    0 234 0 0    0 119 0 0     0 157 0 0
128 0 0 0    3 0 0 0    0 0 0 0     0 0 0 0
0 0 0 128    0 0 0 3    0 0 0 0     0 0 0 0
0 0 128 0    0 0 3 0    0 0 0 0     0 0 0 0
 
0 0 0 0    0 0 0 0    0 0 0 0     0 0 0 0
0 0 0 0    0 0 0 0    0 0 0 0     0 0 0 0
0 0 0 0    0 0 0 0    0 119 0 0     0 157 0 0
0 3 0 0    0 188 0 0    0 0 0 0     0 0 0 0
 
188 0 0 0    76 0 0 0    119 0 0 0     59 0 0 0
0 0 0 0    0 0 0 0    0 0 0 0     0 0 0 0
0 0 0 0    0 0 0 0    0 0 0 0     0 0 0 0
0 0 0 0    0 0 0 0    0 0 0 0     0 0 0 0
 
0 0 0 0    0 0 0 0    0 0 0 0     0 0 0 0
0 0 0 0    0 0 0 0    0 0 0 0     0 0 0 0
0 0 0 0    0 0 0 0    119 0 0 0     59 0 0 0
0 0 0 0    0 0 0 0    0 0 0 0     0 0 0 0
 
0 0 0 0    0 0 0 0    0 0 119 0     0 0 119 0
0 0 0 0    0 0 0 0    0 0 0 0     0 0 0 0
0 0 0 0    0 0 0 0    0 0 0 0     0 0 0 0
0 0 0 0    0 0 0 0    0 0 0 0     0 0 0 0
 
0 0 0 0    0 0 0 0    0 0 0 0     0 0 0 0
0 0 0 0    0 0 0 0    0 0 0 0     0 0 0 0
0 0 0 0    0 0 0 0    0 0 119 0     0 0 119 0
0 0 0 0    0 0 0 0    0 0 0 0     0 0 0 0
 
0 0 0 0    0 0 0 0    0 0 0 0     0 0 0 0
0 0 0 0    0 0 0 0    119 0 0 0     239 0 0 0
0 0 0 0    0 0 0 0    0 0 0 0     0 0 0 0
0 0 0 0    0 0 0 0    0 0 0 0     0 0 0 0
 
0 0 0 0    0 0 0 0    0 0 0 0     0 0 0 0
0 0 0 0    0 0 0 0    0 0 0 0     0 0 0 0
0 152 0 0    0 66 0 0    0 0 0 0     0 0 0 0
0 0 0 0    0 0 0 0    119 0 0 0     239 0 0 0

0 0 0 66    0 0 0 8    0 0 0 0    0 0 0 0
0 0 0 0    0 0 0 0    0 0 119 0    0 0 222 0
0 0 0 66    0 0 0 8    0 0 0 0    0 0 0 0
0 0 0 66    0 0 0 8    0 0 0 0    0 0 0 0