 2 0 0 2    6 0 0 1   8 0 0 0  14 0 0 0
 0 2 0 0    0 1 0 0   15 0 4 0 15 0 1 0
 0 0 0 0    0 0 0 0   0 0 0 0  0 0 0 0
 2 2 8 0    1 1 4 0   0 0 0 0  0 0 0 0

 1 4 0 0    11 2 0 0  0 0 0 0  0 0 0 0
 0 0 0 1    0 0 0 11  0 0 0 0  0 0 0 0
 0 0 1 5    0 0 11 2  0 0 0 0  0 0 0 0 
 0 0 0 1    0 0 0 8   0 0 0 0  0 0 0 0

 0 0 8 0    0 0 4 0   0 0 8 0  0 0 12 0
 11 2 0 0   1 6 0 0   0 4 15 0 0 2 14 0
 0 2 0 0    0 1 0 0   0 0 0 0  0 0 0 0
 0 0 0 0    0 0 0 0   0 0 0 0  0 0 0 0

 0 0 0 1    0 0 0 8   0 0 0 0  0 0 0 0
 0 0 0 0    0 0 0 0   0 0 0 0  0 0 0 0
 0 1 0 0    0 8 0 0   0 0 0 0  0 0 0 0
 0 0 0 1    0 0 0 11  0 0 0 0  0 0 0 0

 0 0 11 0   0 0 1 0   0 0 0 4  8 0 0 4 
 0 0 0 8    0 0 0 4   8 15 0 0 8 12 4 0
 0 0 0 8    0 0 0 4   0 0 0 0  0 0 0 0
 0 0 0 0    0 0 0 0   0 0 0 0  0 0 0 0
# From https://gitlab.inria.fr/capsule/extensions-quasidifferential-framework/-/blob/main/SKINNY/data/differential_trails/SKINNY64_TK2_R5.txt?ref_type=heads